rxF_c_d = [5 + j*(7)
2 + j*(-3)
-13 + j*(-6)
-11 + j*(3)
-4 + j*(1)
-15 + j*(8)
8 + j*(-3)
-4 + j*(-2)
3 + j*(0)
2 + j*(-4)
-11 + j*(-8)
7 + j*(-2)
0 + j*(-11)
10 + j*(-5)
-9 + j*(-9)
1 + j*(-16)
14 + j*(5)
0 + j*(5)
15 + j*(-6)
8 + j*(-1)
2 + j*(11)
-1 + j*(1)
1 + j*(17)
-5 + j*(-2)
-18 + j*(9)
-1 + j*(-1)
-15 + j*(-12)
12 + j*(-15)
-15 + j*(-5)
9 + j*(-2)
-24 + j*(-19)
8 + j*(-6)
5 + j*(15)
-12 + j*(-5)
11 + j*(3)
-8 + j*(0)
12 + j*(-11)
-7 + j*(14)
3 + j*(-15)
18 + j*(-8)
21 + j*(-9)
17 + j*(14)
-1 + j*(15)
13 + j*(2)
-14 + j*(-14)
-11 + j*(-7)
9 + j*(-6)
27 + j*(-7)
17 + j*(8)
1 + j*(8)
7 + j*(-6)
5 + j*(9)
-1 + j*(-13)
-2 + j*(-7)
-7 + j*(-16)
-5 + j*(-7)
-13 + j*(15)
-5 + j*(8)
-11 + j*(-9)
10 + j*(2)
-1 + j*(-3)
2 + j*(-13)
-3 + j*(0)
-12 + j*(-3)
2 + j*(2)
-18 + j*(-16)
3 + j*(-11)
10 + j*(14)
-5 + j*(-4)
1 + j*(1)
8 + j*(-13)
-3 + j*(-10)
-4 + j*(9)
0 + j*(8)
9 + j*(-14)
-19 + j*(18)
-20 + j*(-11)
0 + j*(8)
8 + j*(-3)
-23 + j*(-10)
-11 + j*(-2)
14 + j*(-14)
-23 + j*(7)
9 + j*(17)
-4 + j*(16)
-10 + j*(0)
-6 + j*(13)
-17 + j*(-29)
-4 + j*(20)
-15 + j*(15)
-11 + j*(-9)
3 + j*(-10)
-14 + j*(-4)
6 + j*(-2)
8 + j*(6)
-9 + j*(0)
-9 + j*(8)
4 + j*(26)
-1 + j*(-1)
-3 + j*(-6)
13 + j*(-21)
12 + j*(5)
30 + j*(2)
-5 + j*(-29)
1 + j*(8)
-1 + j*(-4)
-10 + j*(3)
-8 + j*(-18)
13 + j*(0)
15 + j*(15)
1 + j*(2)
-9 + j*(-13)
2 + j*(-5)
0 + j*(5)
18 + j*(-9)
-8 + j*(-10)
-2 + j*(-5)
-6 + j*(-8)
-11 + j*(7)
5 + j*(-9)
-2 + j*(6)
13 + j*(2)
-13 + j*(-21)
7 + j*(12)
-8 + j*(-13)
19 + j*(13)
2 + j*(-2)
-8 + j*(-1)
-3 + j*(8)
-4 + j*(1)
0 + j*(-10)
5 + j*(3)
-9 + j*(-6)
-1 + j*(-5)
5 + j*(-4)
5 + j*(-13)
-4 + j*(-3)
-13 + j*(3)
-12 + j*(13)
8 + j*(-1)
19 + j*(0)
14 + j*(-7)
-5 + j*(4)
-13 + j*(-1)
3 + j*(8)
5 + j*(7)
-11 + j*(-15)
-8 + j*(-7)
-3 + j*(-9)
11 + j*(14)
6 + j*(6)
-5 + j*(1)
-20 + j*(8)
5 + j*(0)
-10 + j*(-17)
-15 + j*(-5)
0 + j*(9)
-5 + j*(-3)
-21 + j*(-11)
3 + j*(5)
7 + j*(-22)
-9 + j*(-16)
-27 + j*(-1)
-22 + j*(-14)
0 + j*(-10)
27 + j*(0)
8 + j*(9)
-17 + j*(7)
13 + j*(5)
11 + j*(-11)
1 + j*(-7)
15 + j*(-11)
7 + j*(7)
0 + j*(-6)
-5 + j*(-1)
-19 + j*(-3)
-15 + j*(-17)
-2 + j*(3)
11 + j*(-8)
-17 + j*(-13)
4 + j*(-12)
-2 + j*(-22)
3 + j*(20)
12 + j*(-13)
13 + j*(-19)
5 + j*(-10)
12 + j*(-10)
4 + j*(8)
3 + j*(-2)
3 + j*(14)
-18 + j*(9)
-6 + j*(-19)
-24 + j*(2)
6 + j*(10)
6 + j*(2)
-21 + j*(10)
5 + j*(-14)
1 + j*(3)
-6 + j*(14)
4 + j*(9)
-17 + j*(-5)
-12 + j*(-3)
5 + j*(-4)
-17 + j*(3)
-1 + j*(-8)
-9 + j*(-3)
6 + j*(1)
3 + j*(-1)
1 + j*(9)
-13 + j*(-6)
0 + j*(19)
-2 + j*(1)
9 + j*(0)
-11 + j*(3)
-2 + j*(2)
-12 + j*(6)
-3 + j*(2)
-18 + j*(6)
15 + j*(12)
9 + j*(6)
3 + j*(12)
-6 + j*(12)
-11 + j*(-5)
13 + j*(-11)
-5 + j*(-23)
-1 + j*(-6)
-5 + j*(0)
11 + j*(10)
-14 + j*(6)
-16 + j*(16)
-19 + j*(-4)
-1 + j*(23)
-10 + j*(-11)
-16 + j*(-9)
5 + j*(-45)
3 + j*(3)
-4 + j*(-3)
3 + j*(-12)
-27 + j*(1)
-2 + j*(10)
19 + j*(-11)
-28 + j*(-6)
9 + j*(0)
14 + j*(-10)
18 + j*(21)
14 + j*(-12)
-8 + j*(3)
3 + j*(-6)
35 + j*(-3)
1 + j*(-5)
1 + j*(-10)
4 + j*(-18)
-10 + j*(11)
6 + j*(-1)
-6 + j*(-1)
-3 + j*(-11)
5 + j*(4)
0 + j*(0)
-5 + j*(-4)
9 + j*(16)
-10 + j*(-4)
6 + j*(7)
-4 + j*(-9)
-14 + j*(1)
-1 + j*(8)
-6 + j*(-9)
-4 + j*(13)
-12 + j*(-5)
-2 + j*(20)
3 + j*(10)
-3 + j*(-1)
13 + j*(10)
-2 + j*(0)
1 + j*(8)
-14 + j*(18)
-5 + j*(-1)
16 + j*(-11)
-23 + j*(-19)
-11 + j*(-1)
1 + j*(6)
1 + j*(-20)
-12 + j*(-3)
-1 + j*(-2)
-11 + j*(-7)
6 + j*(-13)
23 + j*(-1)
-11 + j*(-8)
10 + j*(2)
-19 + j*(3)
-9 + j*(-2)
-4 + j*(-6)
10 + j*(-11)
2 + j*(-3)
-21 + j*(-7)
17 + j*(4)
4 + j*(10)
-21 + j*(-1)
7 + j*(-25)
18 + j*(0)
-7 + j*(11)
];
